module.exports = {
  center:
    lat: 39.7391667
    lng: -104.9841667
  zoom: 8}
